6394
394
394
394
394
394
394
394
394
394
393
394
394
394
394
394
4
394
394
394
394
394
394
394
394
394
394
394
394
394
394
394
394
394
394
394
393
394
394
394
394
394
394
394
393
394
394
394
394
394
394
394
394
394
394
394
394
394
394
394
394
394
394
394
394
394
394
394
394
394
394
394
394
394
394
394
394
394
401
424
459
507
557
601
646
685
723
762
797
824
845
866
882
898
904
905
904
904
904
904
904
899
885
867
848
833
810
784
763
746
727
704
679
657
634
603
574
549
527
506
481
457
425
389
358
331
310
290
272
260
249
237
226
219
219
232
265
300
329
356
381
405
432
463
496
533
567
599
630
659
687
713
733
750
764
771
772
772
772
770
763
747
723
697
669
647
627
608
590
572
553
530
497
465
430
392
359
324
293
264
238
203
178
158
143
133
131
130
130
135
146
166
192
221
255
288
317
346
377
407
437
